1000
39 5 38
57 71 100
89 80 48
23 65 87
71 59 9
77 75 10
79 37 2
94 24 53
13 98 74
33 84 61
35 87 31
78 13 34
91 86 32
67 53 15
97 76 47
36 4 21
91 24 30
18 56 55
7 29 92
71 28 11
51 32 31
75 83 75
52 69 42
79 31 94
53 22 1
96 46 59
74 13 7
7 13 7
92 33 47
25 47 39
20 41 6
19 61 77
27 39 58
33 12 86
30 17 52
98 55 70
25 63 58
16 43 68
100 91 18
33 34 86
44 62 13
33 39 73
25 2 9
57 75 18
4 17 11
27 97 67
4 78 15
8 87 8
6 27 73
36 93 63
89 21 73
91 77 4
81 53 85
61 95 87
100 54 94
84 69 3
85 96 27
14 84 31
25 74 22
42 73 40
26 20 90
34 21 80
100 1 1
69 91 72
2 48 25
76 41 73
49 37 81
85 16 71
33 56 65
40 5 31
34 29 37
55 82 52
30 60 84
70 70 72
34 67 6
35 72 76
66 90 100
84 74 99
19 53 6
37 17 62
3 53 40
71 81 41
97 18 34
52 79 8
36 12 28
55 77 36
5 20 37
0 54 4
43 89 76
98 87 25
80 32 67
85 73 67
30 86 56
8 20 80
29 42 62
72 36 27
16 81 80
85 2 99
79 4 33
59 72 79
83 25 47
100 6 94
18 75 8
2 20 12
52 33 14
17 69 21
1 7 59
20 18 1
67 12 75
46 38 10
95 24 55
9 70 2
4 45 66
79 87 63
3 19 75
77 97 48
77 61 9
56 48 75
15 70 53
75 93 5
90 67 82
81 88 84
39 85 37
14 33 90
98 4 46
38 4 1
91 22 82
50 82 26
62 46 8
84 40 70
12 65 66
53 61 85
37 2 41
95 20 58
63 97 5
84 71 12
54 84 77
74 98 45
43 41 16
13 35 36
2 36 39
55 32 37
44 71 96
66 69 9
82 98 10
0 15 62
30 25 5
55 94 27
24 8 15
24 1 68
42 12 84
25 60 20
4 8 40
17 36 76
34 72 48
95 53 33
60 2 68
36 87 6
22 28 37
4 25 17
29 81 85
90 14 81
9 72 95
54 13 86
28 12 87
28 44 77
32 68 96
100 37 76
44 26 6
25 17 18
76 9 32
50 22 86
2 57 53
9 76 39
4 90 64
52 91 16
54 93 10
73 79 96
26 4 85
80 2 41
4 42 74
38 68 94
4 64 60
57 98 14
16 12 2
18 69 54
95 85 81
23 79 47
6 57 10
41 9 44
97 82 93
46 18 82
83 53 23
91 2 12
84 30 23
55 3 20
88 64 68
5 77 17
1 54 73
67 60 11
100 66 7
55 93 15
23 7 39
82 70 56
67 48 15
56 65 95
91 54 60
13 94 70
9 10 84
12 85 59
90 76 61
41 5 75
80 25 64
48 19 14
84 95 42
0 10 42
61 30 32
45 38 11
95 62 96
72 98 89
46 60 37
32 43 54
50 42 68
10 22 55
91 63 31
52 44 12
97 87 65
83 12 56
100 89 76
15 29 66
0 39 48
16 53 10
12 7 78
11 72 92
67 10 77
23 5 33
53 28 74
31 46 91
25 12 74
75 76 37
49 18 95
86 54 55
7 55 65
99 61 22
67 77 35
16 15 64
7 62 58
70 91 100
13 21 19
14 60 30
91 2 82
86 92 88
42 33 8
43 9 84
87 63 16
93 94 28
58 20 22
66 30 100
16 58 42
56 82 23
10 87 38
96 46 9
89 11 13
30 94 18
40 79 88
47 53 21
81 16 88
56 92 59
6 36 66
4 62 87
54 73 68
100 18 7
48 69 67
17 53 33
24 64 84
23 66 83
72 40 83
30 29 57
94 54 91
58 99 46
43 81 99
19 8 1
4 11 83
98 85 38
37 29 63
97 88 98
100 17 30
66 17 16
49 60 88
73 94 6
75 55 81
75 69 6
36 22 35
41 98 74
36 60 91
56 84 29
92 10 71
84 53 47
30 41 28
79 7 62
35 55 63
27 23 13
84 63 8
28 95 98
98 42 24
16 66 96
35 43 32
34 74 94
100 45 18
77 21 90
74 83 52
0 30 70
85 84 21
5 92 68
100 64 45
7 33 36
59 82 94
58 12 24
28 53 36
26 7 46
46 83 61
37 43 86
34 44 71
100 91 42
0 32 79
30 5 55
19 23 85
83 56 97
52 71 98
3 66 73
11 69 57
16 96 54
57 38 52
35 29 87
57 75 37
49 22 17
45 62 57
46 69 58
10 33 21
12 8 16
100 60 84
71 35 27
5 5 86
44 65 58
48 59 23
66 75 25
54 7 5
77 23 24
76 58 19
34 64 3
74 73 98
88 45 37
34 44 91
7 95 21
8 7 32
82 89 7
13 15 75
100 87 47
14 89 2
94 6 97
68 55 29
100 98 41
61 65 100
54 98 4
92 4 28
80 33 25
80 74 70
56 57 34
44 52 32
8 100 13
25 68 86
59 89 41
20 28 98
28 95 81
71 52 15
64 85 30
64 82 82
36 64 15
8 13 21
45 3 87
79 46 84
67 58 20
100 66 13
2 98 62
21 88 44
52 60 75
74 27 60
78 53 78
39 94 64
55 71 19
48 62 3
15 72 4
84 48 1
33 69 55
93 92 92
23 36 86
17 46 54
87 37 39
19 77 96
61 58 61
76 47 70
3 22 39
17 26 74
63 4 15
86 75 33
22 95 30
44 33 42
20 94 40
37 33 85
17 17 24
47 88 38
19 80 12
30 65 81
38 20 36
76 77 73
81 69 83
99 99 99
26 63 84
30 64 56
44 27 57
59 30 95
97 7 12
80 80 99
77 28 9
68 85 59
2 47 93
62 57 13
93 68 55
87 37 94
75 31 59
19 59 93
43 47 33
93 21 57
92 55 47
86 33 83
75 46 17
29 36 86
21 60 67
23 74 80
58 86 97
31 3 8
15 81 62
16 97 9
22 34 52
86 15 32
82 56 91
63 93 100
81 79 13
31 37 19
5 42 25
99 13 4
20 98 70
91 9 77
95 85 18
39 81 80
37 59 59
50 20 90
24 60 67
4 64 27
90 69 60
8 61 3
1 90 31
0 55 55
22 20 89
12 25 45
48 46 58
12 39 71
0 44 99
25 25 97
69 82 83
93 37 34
76 27 10
88 17 100
18 22 25
20 56 46
19 78 93
49 86 5
22 54 16
16 58 27
5 100 52
97 96 54
37 24 17
89 48 39
39 62 19
92 3 36
5 97 10
52 90 42
42 91 58
53 70 66
78 28 15
51 34 61
84 5 4
30 44 90
65 83 43
38 13 28
45 61 96
23 76 96
29 37 5
31 30 58
57 27 68
9 3 8
85 85 34
2 100 54
7 83 47
75 63 74
93 28 75
43 82 18
86 41 9
67 45 63
7 72 10
99 35 58
95 29 87
9 78 90
43 48 99
90 16 86
61 85 22
55 37 9
76 10 62
97 44 64
34 29 29
20 60 75
42 13 34
51 66 33
75 52 73
66 22 24
21 17 22
53 89 74
100 91 95
96 80 66
67 54 42
61 53 3
74 24 4
41 35 64
5 47 9
6 10 20
57 92 78
95 92 84
92 31 9
41 58 27
69 96 28
52 68 11
28 11 21
50 22 39
69 62 92
33 20 79
96 74 56
67 60 99
21 84 62
21 1 14
66 19 66
68 13 87
66 15 25
18 61 15
2 59 23
1 28 70
16 93 89
11 5 82
14 46 40
16 79 40
56 83 72
62 24 38
52 39 2
13 42 34
3 83 27
24 98 37
49 34 10
87 63 13
33 55 85
94 30 1
43 58 83
61 55 7
27 61 19
51 76 26
11 92 53
61 34 14
6 23 99
65 70 12
87 12 14
52 27 3
34 72 75
59 75 48
27 65 77
41 87 80
3 38 18
91 10 57
42 25 39
29 94 95
55 98 32
37 56 98
43 86 20
4 57 29
89 8 11
99 95 91
25 69 7
68 88 23
78 92 39
59 43 87
77 46 25
85 71 33
55 94 47
34 5 87
6 45 79
62 67 78
47 74 14
15 28 37
6 54 76
61 11 30
11 78 3
94 73 33
97 24 78
5 36 8
16 46 80
60 5 38
97 69 86
100 35 40
61 38 36
2 35 88
79 70 92
97 10 17
63 18 95
25 24 95
7 54 41
3 96 47
88 56 9
10 67 92
65 42 19
13 78 5
73 91 41
29 90 66
34 98 65
97 10 91
57 58 89
73 7 6
63 38 11
48 100 7
77 75 53
22 21 46
50 91 58
12 3 26
16 81 32
7 79 5
14 36 81
88 98 52
56 87 92
47 85 3
79 29 41
80 65 25
51 72 5
94 62 11
51 65 58
79 88 11
84 93 54
97 61 94
42 8 52
95 21 59
14 78 60
82 47 30
26 57 61
86 67 92
76 82 99
71 8 8
80 78 67
72 17 12
37 77 96
51 61 95
73 44 1
18 57 73
100 89 79
98 41 60
78 22 46
1 42 57
45 24 7
32 67 10
24 66 29
82 32 14
94 29 22
98 23 27
50 36 93
19 87 86
1 94 5
90 70 34
17 42 4
57 53 73
10 34 82
98 38 32
56 56 52
35 71 80
81 64 71
43 54 4
20 39 43
91 5 25
36 41 40
87 28 17
54 83 44
19 25 7
8 34 45
29 11 42
54 28 35
62 87 92
10 55 4
31 11 66
46 59 25
57 10 21
70 57 74
29 16 45
11 45 47
34 38 11
36 69 53
82 94 57
86 22 44
42 93 63
91 88 3
52 96 17
88 17 98
96 100 18
69 74 98
79 12 10
15 100 82
37 33 18
5 34 58
35 16 42
37 26 33
46 13 25
52 20 71
92 38 94
26 92 27
36 32 85
87 40 57
16 88 96
54 28 31
45 19 56
48 64 69
59 31 96
8 78 93
32 27 27
49 47 74
74 92 31
75 2 67
76 70 22
12 55 55
29 21 13
91 77 63
14 98 61
81 64 70
57 52 31
10 37 85
74 76 22
67 68 52
53 80 34
46 25 23
96 23 79
63 47 47
49 43 41
84 70 75
40 47 81
79 48 79
47 88 70
68 31 60
78 3 72
11 83 30
72 53 57
84 79 48
97 40 88
76 7 28
16 20 13
93 40 71
96 28 17
13 55 55
41 54 55
35 35 60
71 75 25
21 53 4
19 71 93
23 21 97
47 8 15
100 74 54
99 8 47
65 39 45
52 79 95
10 38 38
10 5 43
0 68 90
32 38 20
51 57 31
31 83 25
60 38 13
20 2 14
47 52 75
66 20 11
60 87 90
59 98 12
78 12 41
93 5 46
68 6 13
37 92 57
86 7 52
67 73 45
13 47 81
83 62 4
6 54 76
4 87 25
73 66 59
7 84 93
99 26 64
60 100 78
11 73 54
10 55 27
31 8 81
60 4 61
21 81 30
88 58 41
99 10 38
24 57 9
87 5 14
19 32 19
53 52 65
22 4 96
81 40 43
53 6 61
64 25 83
16 10 4
43 44 59
41 20 71
12 100 82
67 89 59
84 98 25
68 23 92
57 87 8
94 11 37
69 39 59
24 57 38
38 87 35
83 89 31
23 3 100
96 55 72
93 54 6
74 9 58
73 43 35
55 71 46
9 100 8
48 39 20
29 75 87
41 85 37
53 48 15
99 77 4
0 42 24
90 98 72
1 69 27
13 15 91
36 42 44
51 37 95
34 85 73
27 69 53
30 5 25
33 60 68
67 23 25
3 31 48
17 6 40
64 70 73
66 68 37
97 48 53
78 21 43
7 13 96
74 32 14
35 22 38
96 95 29
71 76 48
76 86 17
2 32 95
19 7 99
55 83 24
12 24 3
70 15 34
38 10 22
52 36 12
82 28 71
55 58 79
18 95 60
85 93 63
71 86 34
81 58 33
34 68 35
100 9 27
81 45 30
22 41 17
19 57 99
90 72 20
45 58 69
21 99 3
10 22 75
95 11 94
18 82 44
95 52 21
87 93 35
7 38 80
39 5 87
13 66 1
20 46 39
77 46 98
63 5 13
72 9 77
36 67 58
91 48 60
35 73 75
99 70 27
84 32 46
81 38 96
87 20 40
78 23 25
44 52 32
35 97 48
63 42 23
48 38 28
89 48 41
34 78 21
13 46 10
68 94 26
76 5 76
22 64 65
58 58 81
4 92 13
91 83 54
28 62 38
97 16 13
65 48 46
47 2 34
52 37 89
82 87 30
15 73 20
48 100 27
75 40 70
72 45 65
62 18 5
80 60 28
96 2 72
0 53 42
38 42 11
24 81 77
51 46 69
73 67 79
67 19 16
69 25 52
89 86 90
61 29 41
23 89 93
35 68 35
44 31 91
58 18 38
94 13 95
98 57 37
79 67 41
87 66 72
66 89 30
82 35 76
18 28 91
32 60 75
72 82 11
21 89 97
60 52 78
54 86 32
1 73 59
95 82 27
45 54 78
76 23 47
58 91 89
77 31 9
6 12 13
2 93 86
98 83 39
93 24 72
96 23 25
99 62 71
75 79 54
38 3 52
1 95 53
50 22 62
31 57 62
97 83 99
54 70 59
77 18 99
64 88 26
45 94 28
56 61 7
5 74 9
54 36 40
84 90 42
2 67 55
22 14 70
58 85 42
28 13 37
51 39 32
26 26 94
32 15 55
93 62 100
79 13 6
61 88 67
73 5 80
95 11 94
10 86 69
97 44 60
